2.550250,-1.274323,-24.897896
2.345839,-0.398576,-23.759634
1.961587,-1.238267,-26.591775
1.566490,-3.583607,-32.467744
-0.150944,-1.745203,-33.943239
3.234531,-1.295181,-22.886769
0.243990,-1.663834,-32.595698
1.270813,-3.387047,-32.961657
1.408596,-3.243375,-32.260963
2.692591,-0.497316,-22.916860
2.315936,-0.086078,-23.224347
2.802602,-2.584846,-26.761884
2.076928,-1.532988,-26.835190
1.473263,-1.358309,-28.296830
3.530366,-1.645636,-22.700174
2.413337,-1.319718,-25.399424
1.624019,-0.618529,-26.365000
3.506892,-2.356083,-24.191492
2.053742,-2.832084,-29.502944
3.436765,-2.285553,-24.260812
2.977706,-3.083160,-27.233203
0.731573,-1.905354,-31.615989
1.920065,-2.050195,-28.340193
2.787454,-1.538206,-24.714052
1.533069,-3.612930,-32.626654
2.553866,-1.139559,-24.617518
1.264751,-0.663999,-27.533744
1.631799,-2.041421,-29.187444
3.031977,-0.952355,-22.808779
3.092094,-1.652961,-24.029640
2.752172,-2.069619,-25.882721
3.721910,-0.870154,-20.574579
-0.747645,-2.771171,-37.785277
1.166642,-1.442035,-29.384143
1.185837,-1.218701,-28.879890
1.311074,-1.872205,-29.811187
1.889568,-1.492346,-27.315989
3.075211,-0.785544,-22.345454
2.670582,-0.509264,-23.006784
2.237640,-1.865792,-27.018666
0.040650,0.381723,-29.114606
3.017229,-1.551200,-24.050712
1.710442,-2.048513,-28.965701
1.764911,-2.050969,-28.807204
1.739757,-1.195896,-27.172519
3.593942,-2.654162,-24.526498
2.202453,-3.820908,-31.034457
1.234329,-4.417127,-35.131266
2.725855,-2.268385,-26.359204
2.036145,-0.630485,-25.152534
0.297551,-3.748281,-36.603910
2.369055,-1.935971,-26.764776
1.560167,-2.225646,-29.770790
1.591735,-1.782732,-28.790259
0.636697,-1.397003,-30.883915
3.120879,-1.925338,-24.488038
2.746881,-2.059044,-25.877444
3.262061,-1.223527,-22.660873
3.083778,-0.673380,-22.095426
3.230222,-1.532153,-23.373639
1.667260,-3.049377,-31.096975
1.666754,-3.097054,-31.193845
0.494385,-2.814125,-34.145095
0.097311,-1.261686,-32.231440
1.354758,-2.527559,-30.990845
2.944029,-2.748719,-26.665352
1.424882,-2.244596,-30.214546
1.172540,-0.671085,-27.824550
1.565238,-1.645577,-28.595442
0.385563,-3.590499,-36.024308
1.121621,-1.116367,-28.867871
0.610201,-2.148303,-32.466004
2.226598,-2.520993,-28.362192
0.975551,-1.060274,-29.193895
2.294195,-2.623171,-28.363757
2.215802,-1.914212,-27.181018
3.389962,-2.363754,-24.557624
0.802074,-2.344063,-32.281904
1.607870,-2.500278,-30.176946
2.258542,-1.274101,-25.772576
0.979461,-3.695522,-34.452661
2.514017,-2.946973,-28.351894
2.970025,-2.736534,-26.562994
1.108940,-2.937191,-32.547563
3.509381,-2.734811,-24.941480
1.926979,-0.271770,-24.762602
2.839444,-3.188799,-27.859265
2.524831,-0.799962,-24.025429
2.689233,-0.465669,-22.863637
2.150110,-1.802390,-27.154449
1.636259,-3.809664,-32.710551
2.881767,-1.393690,-24.142080
2.695412,-2.059985,-26.033732
2.969993,-1.097220,-23.284463
3.780432,-1.296085,-21.250875
0.927115,-1.212847,-29.644350
3.201732,-0.375772,-21.146349
3.319673,-1.876742,-23.794467
2.328874,-4.153594,-31.320567
-0.882939,-2.273713,-37.196242
3.693709,-1.991077,-22.901027
1.357188,-1.793822,-29.516081
1.326105,-1.837089,-29.695863
1.767715,-2.221001,-29.138859
3.318251,-1.655026,-23.355301
1.921022,-0.333868,-24.904670
2.316264,-1.018387,-25.087982
1.977607,-1.923930,-27.915039
1.779236,0.388535,-23.885224
2.632347,-1.133284,-24.369527
3.363912,-1.057504,-22.023272
-0.118324,-2.201004,-34.756981
0.149503,-3.626966,-36.805424
2.201747,-3.363914,-30.122588
1.790266,-0.397982,-25.425166
0.812617,-3.430336,-34.422820
2.477243,-1.703109,-25.974489
1.470268,-0.468643,-26.526482
1.809088,-2.975206,-30.523149
3.934733,-0.991082,-20.177964
1.707905,-2.742715,-30.361714
2.740634,1.206371,-19.365356
1.842071,-4.233278,-32.940343
2.436539,0.355050,-21.980284
3.047142,-1.321142,-23.500859
0.758522,-3.940262,-35.604958
2.075892,-1.848750,-27.469822
2.781740,-2.075147,-25.805073
-0.215360,-3.464036,-37.574153
0.701198,-2.936636,-33.769680
3.361634,-2.387385,-24.689869
3.018246,-3.528753,-28.002767
3.356801,-2.037893,-24.005383
1.979162,-0.614742,-25.291998
1.687364,-2.489301,-29.916510
1.735380,-3.201614,-31.197088
2.379365,-0.726187,-24.314280
3.486910,-1.377304,-22.293879
2.172697,-3.073592,-29.629092
1.241098,-2.121236,-30.519177
-0.316587,-0.411254,-31.772269
1.706132,-2.615852,-30.113308
3.498385,-3.327658,-26.160162
1.321331,-2.554193,-31.144393
1.948606,-1.838115,-27.830412
1.336383,-2.154661,-30.300173
0.522396,-2.824405,-34.081622
1.923337,-4.138890,-32.507768
2.930646,-3.617795,-28.443651
2.199085,-1.954572,-27.311890
1.960259,-1.774577,-27.668376
2.593069,-2.414023,-27.048838
1.816008,-2.174426,-28.900829
1.335701,-4.573408,-35.139714
3.218592,-1.799869,-23.943962
2.614417,-0.066555,-22.289861
2.863538,-1.643846,-24.697077
-0.249985,-2.523105,-35.796166
3.471266,-3.040003,-25.666207
2.425897,-1.219500,-25.161309
0.788861,-1.616577,-30.866572
1.869698,-3.131688,-30.654283
1.632802,-1.718400,-28.538393
3.663283,-2.233002,-23.476155
3.130875,-1.754255,-24.115886
3.307013,-0.164738,-20.408436
2.883444,-1.598231,-24.546129
3.879607,-1.474093,-21.309363
1.968514,-3.120055,-30.334568
1.192740,-2.056213,-30.534206
0.057388,-3.853384,-37.534605
1.664337,-2.483437,-29.973863
1.623025,-3.032430,-31.195785
2.220045,0.153093,-23.033678
1.606932,-3.257069,-31.693342
1.350782,-2.934699,-31.817053
1.117831,-3.386128,-33.418762
2.870731,0.396104,-20.595600
0.820412,-2.141842,-31.822448
-0.269953,-2.372523,-35.554906
1.433987,-0.822288,-27.342615
2.784697,-0.919972,-23.485852
0.503869,-0.319974,-29.128340
1.605097,-2.408944,-30.002598
1.307066,-1.580794,-29.240391
1.834300,-2.290757,-29.078613
1.506095,-3.786975,-33.055663
1.505896,-2.311242,-30.104794
3.578658,-3.751826,-26.767678
1.213935,-1.867795,-30.093786
2.332618,-1.952119,-26.906383
0.827930,-2.753949,-33.024109
1.695870,-1.650884,-28.214158
1.330791,-1.912881,-29.833389
0.253251,-1.029057,-31.298360
1.701090,-1.400947,-27.698624
1.526904,-1.315618,-28.050526
1.913749,-1.930542,-28.119836
1.293382,-2.964385,-32.048623
0.910722,-0.682307,-28.632448
